2023~us-fl-gainesville-2023~images~E_20230324_165540_49_3893BD801B947E7_rgb.jpeg -889.7838999999803 653.7215999998152 1571.5526123046875
2023~us-fl-gainesville-2023~images~E_20230324_165543_49_3893BCD55FB75DE_rgb.jpeg -1089.5513999999966 657.8634000001475 1571.654541015625
2023~us-fl-gainesville-2023~images~E_20230329_154941_52_3893BD836696679_rgb.jpeg -299.5363999999827 8.958200000226498 1653.9637451171875
2023~us-fl-gainesville-2023~images~E_20230329_154944_52_3893BD833A3F15C_rgb.jpeg -499.01579999999376 7.683699999935925 1653.7186279296875
2023~us-fl-gainesville-2023~images~E_20230329_154948_52_3893BD827C938F8_rgb.jpeg -699.4928000000073 10.306900000199676 1653.00244140625
2023~us-fl-gainesville-2023~images~N_20230329_160830_51_3893BD83420B1DB_rgb.jpeg 1284.2245000000112 -1305.5471999999136 1641.8177490234375
2023~us-fl-gainesville-2023~images~N_20230329_160834_51_3893BD830600E12_rgb.jpeg 1084.2410999999847 -1303.3887999998406 1642.13525390625
2023~us-fl-gainesville-2023~images~N_20230329_160837_51_3893BD8250AE0A6_rgb.jpeg 884.3271999999997 -1302.058699999936 1642.3194580078125
2023~us-fl-gainesville-2023~images~N_20230329_160840_51_3893BD8215BCA46_rgb.jpeg 684.179300000018 -1301.5879999999888 1642.317138671875
2023~us-fl-gainesville-2023~images~N_20230329_161931_51_3893BD8960B5F3B_rgb.jpeg 1276.842500000028 -1927.005700000096 1625.0760498046875
2023~us-fl-gainesville-2023~images~S_20230329_152727_52_3893BD80D049F52_rgb.jpeg 923.3686999999918 1950.6587999998592 1654.1651611328125
2023~us-fl-gainesville-2023~images~S_20230329_152730_52_3893BD80943062D_rgb.jpeg 723.2602000000188 1952.680999999866 1654.225830078125
2023~us-fl-gainesville-2023~images~S_20230329_153944_51_3893BD82F08927A_rgb.jpeg 915.4892000000109 1306.9355000001378 1645.6798095703125
2023~us-fl-gainesville-2023~images~S_20230329_153946_51_3893BD83A4D81FB_rgb.jpeg 1115.251500000013 1303.2354000001214 1645.48095703125
2023~us-fl-gainesville-2023~images~S_20230329_153949_51_3893BD83E0CDAF3_rgb.jpeg 1315.4845000000205 1299.8571000001393 1645.4464111328125
2023~us-fl-gainesville-2023~images~W_20230324_165439_49_3893BD815DBCBFC_rgb.jpeg 3104.771599999978 620.7955000000075 1573.4814453125
2023~us-fl-gainesville-2023~images~W_20230329_154837_52_3893BD862E14ABC_rgb.jpeg 3296.3613999999943 -24.865000000223517 1652.948486328125
2023~us-fl-gainesville-2023~images~W_20230329_154840_52_3893BD837A90BEF_rgb.jpeg 3096.623900000006 -24.83169999998063 1653.2591552734375
2023~us-fl-gainesville-2023~images~W_20230329_154844_52_3893BD833E8E8CC_rgb.jpeg 2896.705200000026 -26.88189999992028 1653.5489501953125
2023~us-fl-gainesville-2023~images~W_20230329_154847_52_3893BD832AB8224_rgb.jpeg 2697.146300000022 -30.26370000001043 1653.707275390625
