2024~us-fl-gainesville-2024~images~E_20241026_160055_49_3893BD844B468B1_rgb.jpeg 308.6042000000016 663.2050999999046 1570.9795
2024~us-fl-gainesville-2024~images~E_20241026_160058_49_3893BD840DE9B98_rgb.jpeg 109.02250000002095 665.7744999998249 1570.9182
2024~us-fl-gainesville-2024~images~E_20241026_160101_49_3893BD8159CB293_rgb.jpeg -91.65570000000298 667.9306999999098 1571.052
2024~us-fl-gainesville-2024~images~E_20241026_160105_49_3893BD811DE2536_rgb.jpeg -290.4679999999935 669.6360999997705 1571.1935
2024~us-fl-gainesville-2024~images~NE_20241026_160031_76_3893BD844CE931C_rgb.jpeg 1907.2026000000187 645.4164999998175 1571.2612
2024~us-fl-gainesville-2024~images~NE_20241026_160034_76_3893BD8418E3BCD_rgb.jpeg 1706.690100000007 647.49729999993 1571.2685
2024~us-fl-gainesville-2024~images~NE_20241026_160037_76_3893BD815CE8849_rgb.jpeg 1506.4825999999885 649.1132000000216 1571.4728
2024~us-fl-gainesville-2024~images~NE_20241026_160040_76_3893BD8148E9E0C_rgb.jpeg 1308.0736000000034 651.1789000001736 1571.3603
2024~us-fl-gainesville-2024~images~NW_20241026_155057_76_3893BD83689D9AF_rgb.jpeg 1299.8283999999985 -7.328300000168383 1568.5612
2024~us-fl-gainesville-2024~images~NW_20241026_155101_76_3893BD837C9D029_rgb.jpeg 1499.3314000000246 -8.574700000230223 1568.5441
2024~us-fl-gainesville-2024~images~NW_20241026_155104_76_3893BD86389D3DC_rgb.jpeg 1698.6705000000075 -10.270700000226498 1568.4672
2024~us-fl-gainesville-2024~images~NW_20241026_155107_76_3893BD866C970C9_rgb.jpeg 1899.1709000000264 -12.006200000178069 1568.1213
2024~us-fl-gainesville-2024~images~N_20241026_152957_49_3893BD835CA602B_rgb.jpeg 1483.5212000000174 -1291.3837999999523 1568.2142
2024~us-fl-gainesville-2024~images~N_20241026_153000_49_3893BD8618CA958_rgb.jpeg 1683.629499999981 -1293.4279999998398 1568.1259
2024~us-fl-gainesville-2024~images~N_20241026_153004_49_3893BD864CF0304_rgb.jpeg 1884.3015000000014 -1296.9512999998406 1568.4187
2024~us-fl-gainesville-2024~images~N_20241026_153920_49_3893BD841016DE9_rgb.jpeg 1691.577099999995 -657.7044000001624 1569.1522
2024~us-fl-gainesville-2024~images~N_20241026_153923_49_3893BD8154163AA_rgb.jpeg 1491.7572999999975 -656.4454999999143 1569.6803
2024~us-fl-gainesville-2024~images~S_20241026_162145_49_3893BD8438E5918_rgb.jpeg 1722.6927000000142 1923.158199999947 1567.6639
2024~us-fl-gainesville-2024~images~S_20241026_162148_49_3893BD817CCB854_rgb.jpeg 1522.422900000005 1925.343400000129 1567.7205
2024~us-fl-gainesville-2024~images~S_20241026_163315_49_3893BD2B4837321_rgb.jpeg 1330.427800000005 2590.060800000094 1567.4171
2024~us-fl-gainesville-2024~images~S_20241026_163319_49_3893BD2B5C6224B_rgb.jpeg 1530.2929000000004 2587.6951999999583 1567.2574
2024~us-fl-gainesville-2024~images~S_20241026_163322_49_3893BD2E1833266_rgb.jpeg 1729.9312999999966 2584.7595999999903 1567.516
2024~us-fl-gainesville-2024~images~S_20241026_163325_49_3893BD2E4C26AFA_rgb.jpeg 1930.1977000000188 2581.4726999998093 1567.6585
2024~us-fl-gainesville-2024~images~W_20241026_160004_49_3893BD8509CFB80_rgb.jpeg 3704.330900000001 622.7508999998681 1570.9838
2024~us-fl-gainesville-2024~images~W_20241026_160007_49_3893BD844F53235_rgb.jpeg 3505.348699999973 625.3341000000946 1571.0036
2024~us-fl-gainesville-2024~images~W_20241026_160010_49_3893BD841B52343_rgb.jpeg 3304.706499999971 627.2788999998011 1571.1994
2024~us-fl-gainesville-2024~images~W_20241026_160013_49_3893BD815DD873D_rgb.jpeg 3104.9572000000044 629.839699999895 1571.1793
2024~us-fl-gainesville-2024~images~W_20241026_160016_49_3893BD8149D22C6_rgb.jpeg 2905.3845999999903 633.2115000002086 1570.9436
