2023~us-fl-gainesville-2023~images~S_20230329_152716_52_3893BD817EBA677_rgb.jpeg 1522.5914999999804 1943.400599999819 1653.741
2023~us-fl-gainesville-2023~images~S_20230329_152713_52_3893BD843ABA20C_rgb.jpeg 1721.8649999999907 1940.3991999998689 1653.7
2023~us-fl-gainesville-2023~images~S_20230329_152709_52_3893BD846EBE2D4_rgb.jpeg 1922.083099999989 1937.1756000001915 1653.798
2023~us-fl-gainesville-2023~images~S_20230329_152020_52_3893BD2B76DE4F4_rgb.jpeg 1529.6858999999822 2574.494799999986 1657.2393
2023~us-fl-gainesville-2023~images~S_20230329_152023_52_3893BD2E33899C2_rgb.jpeg 1729.1969999999856 2571.0876000002027 1657.5197
2023~us-fl-gainesville-2023~images~N_20230329_160827_51_3893BD835665F66_rgb.jpeg 1483.2876999999862 -1309.5734000001103 1641.9667
2023~us-fl-gainesville-2023~images~N_20230329_160055_51_3893BD2BFD394F7_rgb.jpeg 1491.1637999999803 -656.8599999998696 1640.5529
2023~us-fl-gainesville-2023~images~N_20230329_160823_51_3893BD861257A63_rgb.jpeg 1682.9366000000155 -1313.2848999998532 1642.0276
2023~us-fl-gainesville-2023~images~N_20230329_160058_51_3893BD2EB9984CE_rgb.jpeg 1690.8866999999736 -662.6490000002086 1640.2642
2023~us-fl-gainesville-2023~images~N_20230329_160053_51_3893BD2BE9607A1_rgb.jpeg 1292.0386999999755 -651.2359000002034 1640.7104
2023~us-fl-gainesville-2023~images~E_20230324_165528_49_3893BD815B9BF62_rgb.jpeg -92.29979999997886 644.4145999997854 1573.72314453125
2023~us-fl-gainesville-2023~images~E_20230324_165525_49_3893BD840D9C392_rgb.jpeg 108.47049999999581 645.2497999998741 1573.2292
2023~us-fl-gainesville-2023~images~E_20230324_165531_49_3893BD811FB4762_rgb.jpeg -290.4927000000025 645.4065999998711 1573.2512
2023~us-fl-gainesville-2023~images~E_20230324_165522_49_3893BD844994012_rgb.jpeg 307.71789999998873 645.2713000001386 1572.1812
2023~us-fl-gainesville-2023~images~E_20230329_154937_52_3893BD8622BA236_rgb.jpeg -99.55229999998119 10.746799999848008 1653.8937
2023~us-fl-gainesville-2023~images~W_20230324_165439_49_3893BD815DBCBFC_rgb.jpeg 3104.771599999978 620.7955000000075 1573.4814
2023~us-fl-gainesville-2023~images~W_20230324_165436_49_3893BD84199F676_rgb.jpeg 3304.9459999999963 618.6472999998368 1573.2566
2023~us-fl-gainesville-2023~images~W_20230324_165442_49_3893BD8149BEBDF_rgb.jpeg 2904.2116999999853 622.279099999927 1573.5345
2023~us-fl-gainesville-2023~images~W_20230324_165433_49_3893BD844DC20BF_rgb.jpeg 3504.507900000026 615.6893000002019 1573.1956
2023~us-fl-gainesville-2023~images~W_20230324_165445_49_3893BD810F19385_rgb.jpeg 2706.049699999974 623.5276000001468 1573.5789
